0 5.315293817651331
1 3.5107520907121197
2 2.985045483584445
3 2.7429482439909587
4 2.607656107073447
5 2.516827846572438
6 2.4509317138304096
7 2.4049416552571676
8 2.369515387918831
9 2.3406474321699653
10 2.3156145478567587
11 2.2980588124140926
12 2.277983652527506
13 2.2628617246048317
14 2.250489301476859
15 2.241097036769784
16 2.2314129188991463
17 2.221863523932102
18 2.211559484318557
19 2.2039150216797734
20 2.19686616466801
21 2.193309309110074
22 2.187296492794986
23 2.180786133932977
24 2.178103184350284
25 2.1707688514232277
26 2.1655389369746727
27 2.1635922486210686
28 2.15936081640921
29 2.157442984544225
30 1.70683853637456
31 1.5974652632325903
32 1.5557001889054993
33 1.5288753938660857
34 1.5136181103168673
35 1.5004701202086745
36 1.4941400704366994
37 1.4889796481894384
38 1.4853387280499488
39 1.4848208818784805
40 1.4811960939927917
41 1.4816114824439783
42 1.4830297100299605
43 1.4811294174220986
44 1.4824508239130914
45 1.4814241186786472
46 1.4798122930909083
47 1.4802930983508742
48 1.4778458735743807
49 1.4780374189097591
50 1.475472478804228
51 1.4749404960489514
52 1.4738866254210476
53 1.472761355433406
54 1.4714396269994414
55 1.4687387413829838
56 1.4667660625254633
57 1.4640583606801085
58 1.4627668510414522
59 1.462177988713223
60 1.3023334645218538
61 1.2645107718372501
62 1.2469547901840277
63 1.2364373631450882
64 1.23125707011836
65 1.2208050347157078
66 1.218298100544905
67 1.2117916511706437
68 1.2081185399973349
69 1.2025162268005876
70 1.201037440847036
71 1.195756823184595
72 1.1952619260677873
73 1.1903448420237062
74 1.188692707674263
75 1.1858096817684998
76 1.1833658867671508
77 1.183062109907961
78 1.1797669766017578
79 1.1801779702314132
80 1.1727901779217338
81 1.173132184286366
82 1.1716816894392301
83 1.1692086518857279
84 1.1690429199345855
85 1.1690401998316815
86 1.1662380602840852
87 1.1624100309846526
88 1.1624463948196369
89 1.1613877938550536
90 1.1356205695257366
91 1.1298180607167019
92 1.1276494600073053
93 1.1262665302754247
94 1.12578361317585
95 1.125882920580831
96 1.1234363265571952
97 1.121507666495552
98 1.1219796955604135
99 1.121855463601042
